   0.00000000e+00	  -8.20181090e-01
   1.00000000e-01	  -8.20181090e-01
   2.00000000e-01	  -8.20181090e-01
   3.00000000e-01	  -8.20181090e-01
   4.00000000e-01	  -8.20181090e-01
   5.00000000e-01	  -8.20181090e-01
   6.00000000e-01	  -8.20181090e-01
   7.00000000e-01	  -8.20181090e-01
   8.00000000e-01	  -8.20181090e-01
   9.00000000e-01	  -8.20181090e-01
   1.00000000e+00	  -8.20181090e-01
   1.10000000e+00	  -7.87660160e-01
   1.20000000e+00	  -7.60991713e-01
   1.30000000e+00	  -7.38565190e-01
   1.40000000e+00	  -7.06204217e-01
   1.50000000e+00	  -6.73901609e-01
   1.60000000e+00	  -6.43245751e-01
   1.70000000e+00	  -6.21788176e-01
   1.80000000e+00	  -5.93022962e-01
   1.90000000e+00	  -5.63318185e-01
   2.00000000e+00	  -5.41965617e-01
   2.10000000e+00	  -5.12551822e-01
   2.20000000e+00	  -4.83789169e-01
   2.30000000e+00	  -4.62540835e-01
   2.40000000e+00	  -4.41327137e-01
   2.50000000e+00	  -4.20135682e-01
   2.60000000e+00	  -3.98970191e-01
   2.70000000e+00	  -3.77842208e-01
   2.80000000e+00	  -3.56736323e-01
   2.90000000e+00	  -3.35653183e-01
   3.00000000e+00	  -3.14610386e-01
   3.10000000e+00	  -2.93589554e-01
   3.20000000e+00	  -2.72590678e-01
   3.30000000e+00	  -2.51630175e-01
   3.40000000e+00	  -2.36922310e-01
   3.50000000e+00	  -2.25069730e-01
   3.60000000e+00	  -2.04170146e-01
   3.70000000e+00	  -1.90284318e-01
   3.80000000e+00	  -1.79851798e-01
   3.90000000e+00	  -1.69427287e-01
   4.00000000e+00	  -1.51262365e-01
   4.10000000e+00	  -1.33382404e-01
   4.20000000e+00	  -1.22988109e-01
   4.30000000e+00	  -1.12602041e-01
   4.40000000e+00	  -1.02221365e-01
   4.50000000e+00	  -9.18471444e-02
   4.60000000e+00	  -8.14818699e-02
   4.70000000e+00	  -7.11219683e-02
   4.80000000e+00	  -6.07677575e-02
   4.90000000e+00	  -5.04232133e-02
   5.00000000e+00	  -4.53061230e-02
   5.10000000e+00	  -4.48663675e-02
   5.20000000e+00	  -3.45321120e-02
   5.30000000e+00	  -2.42036289e-02
   5.40000000e+00	  -1.50874920e-02
   5.50000000e+00	  -1.50874920e-02
   5.60000000e+00	  -1.50874920e-02
   5.70000000e+00	  -1.31124021e-02
   5.80000000e+00	  -2.79804397e-03
   5.90000000e+00	   0.00000000e+00
   6.00000000e+00	   0.00000000e+00
   6.10000000e+00	   0.00000000e+00
   6.20000000e+00	   0.00000000e+00
   6.30000000e+00	   0.00000000e+00
   6.40000000e+00	   0.00000000e+00
   6.50000000e+00	   0.00000000e+00
   6.60000000e+00	   0.00000000e+00
   6.70000000e+00	   0.00000000e+00
   6.80000000e+00	   0.00000000e+00
   6.90000000e+00	   0.00000000e+00
   7.00000000e+00	   0.00000000e+00
   7.10000000e+00	   0.00000000e+00
   7.20000000e+00	   0.00000000e+00
   7.30000000e+00	   0.00000000e+00
   7.40000000e+00	   0.00000000e+00
   7.50000000e+00	   0.00000000e+00
   7.60000000e+00	   0.00000000e+00
   7.70000000e+00	   0.00000000e+00
   7.80000000e+00	   0.00000000e+00
   7.90000000e+00	   0.00000000e+00
   8.00000000e+00	   0.00000000e+00
   8.10000000e+00	   0.00000000e+00
   8.20000000e+00	   0.00000000e+00
   8.30000000e+00	   0.00000000e+00
   8.40000000e+00	   0.00000000e+00
   8.50000000e+00	   0.00000000e+00
   8.60000000e+00	   0.00000000e+00
   8.70000000e+00	   0.00000000e+00
   8.80000000e+00	   0.00000000e+00
   8.90000000e+00	   0.00000000e+00
   9.00000000e+00	   0.00000000e+00
   9.10000000e+00	   0.00000000e+00
   9.20000000e+00	   0.00000000e+00
   9.30000000e+00	   0.00000000e+00
   9.40000000e+00	   0.00000000e+00
   9.50000000e+00	   0.00000000e+00
   9.60000000e+00	   0.00000000e+00
   9.70000000e+00	   0.00000000e+00
   9.80000000e+00	   0.00000000e+00
   9.90000000e+00	   0.00000000e+00
   1.00000000e+01	   0.00000000e+00
   1.01000000e+01	   0.00000000e+00
   1.02000000e+01	   0.00000000e+00
   1.03000000e+01	   0.00000000e+00
   1.04000000e+01	   0.00000000e+00
   1.05000000e+01	   0.00000000e+00
   1.06000000e+01	   0.00000000e+00
   1.07000000e+01	   0.00000000e+00
   1.08000000e+01	   0.00000000e+00
   1.09000000e+01	   0.00000000e+00
   1.10000000e+01	   0.00000000e+00
   1.11000000e+01	   0.00000000e+00
   1.12000000e+01	   0.00000000e+00
   1.13000000e+01	   0.00000000e+00
   1.14000000e+01	   0.00000000e+00
   1.15000000e+01	   0.00000000e+00
   1.16000000e+01	   0.00000000e+00
   1.17000000e+01	   0.00000000e+00
   1.18000000e+01	   0.00000000e+00
   1.19000000e+01	   0.00000000e+00
   1.20000000e+01	   0.00000000e+00
   1.21000000e+01	   0.00000000e+00
   1.22000000e+01	   0.00000000e+00
   1.23000000e+01	   0.00000000e+00
   1.24000000e+01	   0.00000000e+00
   1.25000000e+01	   0.00000000e+00
   1.26000000e+01	   0.00000000e+00
   1.27000000e+01	   0.00000000e+00
   1.28000000e+01	   0.00000000e+00
   1.29000000e+01	   0.00000000e+00
   1.30000000e+01	   0.00000000e+00
   1.31000000e+01	   0.00000000e+00
   1.32000000e+01	   0.00000000e+00
   1.33000000e+01	   0.00000000e+00
   1.34000000e+01	   0.00000000e+00
   1.35000000e+01	   0.00000000e+00
   1.36000000e+01	   0.00000000e+00
   1.37000000e+01	   0.00000000e+00
   1.38000000e+01	   0.00000000e+00
   1.39000000e+01	   0.00000000e+00
   1.40000000e+01	   0.00000000e+00
   1.41000000e+01	   0.00000000e+00
   1.42000000e+01	   0.00000000e+00
   1.43000000e+01	   0.00000000e+00
   1.44000000e+01	   0.00000000e+00
   1.45000000e+01	   0.00000000e+00
   1.46000000e+01	   0.00000000e+00
   1.47000000e+01	   0.00000000e+00
   1.48000000e+01	   0.00000000e+00
   1.49000000e+01	   0.00000000e+00
   1.50000000e+01	   0.00000000e+00
   1.51000000e+01	   0.00000000e+00
   1.52000000e+01	   5.84289325e-04
   1.53000000e+01	   6.95219617e-03
   1.54000000e+01	   1.33201030e-02
   1.55000000e+01	   1.50729710e-02
   1.56000000e+01	   1.50729710e-02
   1.57000000e+01	   1.50729710e-02
   1.58000000e+01	   1.50729710e-02
   1.59000000e+01	   1.50729710e-02
   1.60000000e+01	   1.50729710e-02
   1.61000000e+01	   1.50729710e-02
   1.62000000e+01	   1.90829231e-02
   1.63000000e+01	   2.54447037e-02
   1.64000000e+01	   3.01314410e-02
   1.65000000e+01	   3.01314410e-02
   1.66000000e+01	   3.01314410e-02
   1.67000000e+01	   3.58439198e-02
   1.68000000e+01	   4.22174867e-02
   1.69000000e+01	   4.51754320e-02
   1.70000000e+01	   4.51754320e-02
   1.71000000e+01	   4.62477638e-02
   1.72000000e+01	   5.25973189e-02
   1.73000000e+01	   5.89468740e-02
   1.74000000e+01	   6.52915383e-02
   1.75000000e+01	   7.16349942e-02
   1.76000000e+01	   7.52200590e-02
   1.77000000e+01	   7.52200590e-02
   1.78000000e+01	   7.56919905e-02
   1.79000000e+01	   8.20293560e-02
   1.80000000e+01	   8.83667215e-02
   1.81000000e+01	   9.46997841e-02
   1.82000000e+01	   1.01031067e-01
   1.83000000e+01	   1.05207020e-01
   1.84000000e+01	   1.05207020e-01
   1.85000000e+01	   1.05207020e-01
   1.86000000e+01	   1.11381351e-01
   1.87000000e+01	   1.17724380e-01
   1.88000000e+01	   1.24052767e-01
   1.89000000e+01	   1.30371912e-01
   1.90000000e+01	   1.36689567e-01
   1.91000000e+01	   1.43002658e-01
   1.92000000e+01	   1.49315749e-01
   1.93000000e+01	   1.55623522e-01
   1.94000000e+01	   1.61930563e-01
   1.95000000e+01	   1.68243600e-01
   1.96000000e+01	   1.74562353e-01
   1.97000000e+01	   1.80877501e-01
   1.98000000e+01	   1.87172477e-01
   1.99000000e+01	   1.93467452e-01
   2.00000000e+01	   1.99757703e-01
   2.01000000e+01	   2.06046658e-01
   2.02000000e+01	   2.14954057e-01
   2.03000000e+01	   2.27513936e-01
   2.04000000e+01	   2.39756915e-01
   2.05000000e+01	   2.46045525e-01
   2.06000000e+01	   2.52334135e-01
   2.07000000e+01	   2.58606418e-01
   2.08000000e+01	   2.64871372e-01
   2.09000000e+01	   2.71117494e-01
   2.10000000e+01	   2.77324167e-01
   2.11000000e+01	   2.83530839e-01
   2.12000000e+01	   2.95829799e-01
   2.13000000e+01	   3.08544143e-01
   2.14000000e+01	   3.17273769e-01
   2.15000000e+01	   3.23445521e-01
   2.16000000e+01	   3.31018894e-01
   2.17000000e+01	   3.43696935e-01
   2.18000000e+01	   3.56374976e-01
   2.19000000e+01	   3.63257852e-01
   2.20000000e+01	   3.69411994e-01
   2.21000000e+01	   3.78601789e-01
   2.22000000e+01	   3.90892518e-01
   2.23000000e+01	   4.02579009e-01
   2.24000000e+01	   4.08890949e-01
   2.25000000e+01	   4.15202889e-01
   2.26000000e+01	   4.26114951e-01
   2.27000000e+01	   4.38370692e-01
   2.28000000e+01	   4.50750515e-01
   2.29000000e+01	   4.63332515e-01
   2.30000000e+01	   4.75570130e-01
   2.31000000e+01	   4.81677682e-01
   2.32000000e+01	   4.87785233e-01
   2.33000000e+01	   4.98139593e-01
   2.34000000e+01	   5.10685854e-01
   2.35000000e+01	   5.23108581e-01
   2.36000000e+01	   5.35283252e-01
   2.37000000e+01	   5.47457923e-01
   2.38000000e+01	   5.59610990e-01
   2.39000000e+01	   5.71762650e-01
   2.40000000e+01	   5.84090733e-01
   2.41000000e+01	   5.96565979e-01
   2.42000000e+01	   6.08960660e-01
   2.43000000e+01	   6.21066486e-01
   2.44000000e+01	   6.33172311e-01
   2.45000000e+01	   6.45543953e-01
   2.46000000e+01	   6.57972189e-01
   2.47000000e+01	   6.70217410e-01
   2.48000000e+01	   6.82277660e-01
   2.49000000e+01	   6.94371230e-01
   2.50000000e+01	   7.06752717e-01
   2.51000000e+01	   7.19134203e-01
   2.52000000e+01	   7.31231026e-01
   2.53000000e+01	   7.43245960e-01
   2.54000000e+01	   7.55252252e-01
   2.55000000e+01	   7.67244622e-01
   2.56000000e+01	   7.79236992e-01
   2.57000000e+01	   7.91545457e-01
   2.58000000e+01	   8.03857321e-01
   2.59000000e+01	   8.19878287e-01
   2.60000000e+01	   8.37791044e-01
   2.61000000e+01	   8.54598173e-01
   2.62000000e+01	   8.68394930e-01
   2.63000000e+01	   8.82191686e-01
   2.64000000e+01	   8.95988441e-01
   2.65000000e+01	   9.09785198e-01
   2.66000000e+01	   9.23581953e-01
   2.67000000e+01	   9.37378709e-01
   2.68000000e+01	   9.51175466e-01
   2.69000000e+01	   9.64926630e-01
   2.70000000e+01	   9.76818664e-01
   2.71000000e+01	   9.88710698e-01
   2.72000000e+01	   1.00060273e+00
   2.73000000e+01	   1.01249477e+00
   2.74000000e+01	   1.02438680e+00
   2.75000000e+01	   1.03627883e+00
   2.76000000e+01	   1.04817087e+00
   2.77000000e+01	   1.06006290e+00
   2.78000000e+01	   1.07317607e+00
   2.79000000e+01	   1.08678134e+00
   2.80000000e+01	   1.10038661e+00
   2.81000000e+01	   1.11399188e+00
   2.82000000e+01	   1.12759715e+00
   2.83000000e+01	   1.14120242e+00
   2.84000000e+01	   1.15480769e+00
   2.85000000e+01	   1.16841295e+00
   2.86000000e+01	   1.18197118e+00
   2.87000000e+01	   1.19547595e+00
   2.88000000e+01	   1.20898072e+00
   2.89000000e+01	   1.22248548e+00
   2.90000000e+01	   1.23599025e+00
   2.91000000e+01	   1.24949502e+00
   2.92000000e+01	   1.26299979e+00
   2.93000000e+01	   1.27650455e+00
   2.94000000e+01	   1.28959300e+00
   2.95000000e+01	   1.30123422e+00
   2.96000000e+01	   1.31287545e+00
   2.97000000e+01	   1.32451667e+00
   2.98000000e+01	   1.33615790e+00
   2.99000000e+01	   1.34779912e+00
   3.00000000e+01	   1.35944035e+00
   3.01000000e+01	   1.37108157e+00
   3.02000000e+01	   1.38272280e+00
   3.03000000e+01	   1.39438091e+00
   3.04000000e+01	   1.40604064e+00
   3.05000000e+01	   1.41770038e+00
   3.06000000e+01	   1.42936012e+00
   3.07000000e+01	   1.44101985e+00
   3.08000000e+01	   1.45267959e+00
   3.09000000e+01	   1.46433932e+00
   3.10000000e+01	   1.47599906e+00
   3.11000000e+01	   1.48754710e+00
   3.12000000e+01	   1.49903953e+00
   3.13000000e+01	   1.51053195e+00
   3.14000000e+01	   1.52202438e+00
   3.15000000e+01	   1.53351680e+00
   3.16000000e+01	   1.54500923e+00
   3.17000000e+01	   1.55650165e+00
   3.18000000e+01	   1.56799408e+00
   3.19000000e+01	   1.57949318e+00
   3.20000000e+01	   1.59100435e+00
   3.21000000e+01	   1.60251552e+00
   3.22000000e+01	   1.61402669e+00
   3.23000000e+01	   1.62553785e+00
   3.24000000e+01	   1.63704902e+00
   3.25000000e+01	   1.64856019e+00
   3.26000000e+01	   1.66007135e+00
   3.27000000e+01	   1.67156412e+00
   3.28000000e+01	   1.68291058e+00
   3.29000000e+01	   1.69425703e+00
   3.30000000e+01	   1.70560348e+00
   3.31000000e+01	   1.71694993e+00
   3.32000000e+01	   1.72829639e+00
   3.33000000e+01	   1.73964284e+00
   3.34000000e+01	   1.75098929e+00
   3.35000000e+01	   1.76233574e+00
   3.36000000e+01	   1.77240115e+00
   3.37000000e+01	   1.78214736e+00
   3.38000000e+01	   1.79189358e+00
   3.39000000e+01	   1.80163979e+00
   3.40000000e+01	   1.81138600e+00
   3.41000000e+01	   1.82113221e+00
   3.42000000e+01	   1.83087842e+00
   3.43000000e+01	   1.84062463e+00
   3.44000000e+01	   1.85123664e+00
   3.45000000e+01	   1.86254046e+00
   3.46000000e+01	   1.87384428e+00
   3.47000000e+01	   1.88514811e+00
   3.48000000e+01	   1.89645193e+00
   3.49000000e+01	   1.90775575e+00
   3.50000000e+01	   1.91905957e+00
   3.51000000e+01	   1.93036339e+00
   3.52000000e+01	   1.94112309e+00
   3.53000000e+01	   1.95067828e+00
   3.54000000e+01	   1.96023347e+00
   3.55000000e+01	   1.96978866e+00
   3.56000000e+01	   1.97934385e+00
   3.57000000e+01	   1.98889903e+00
   3.58000000e+01	   1.99845422e+00
   3.59000000e+01	   2.00800941e+00
   3.60000000e+01	   2.01756460e+00
   3.61000000e+01	   2.01756460e+00
   3.62000000e+01	   2.01756460e+00
   3.63000000e+01	   2.01756460e+00
   3.64000000e+01	   2.01756460e+00
   3.65000000e+01	   2.01756460e+00
   3.66000000e+01	   2.01756460e+00
   3.67000000e+01	   2.01756460e+00
   3.68000000e+01	   2.01756460e+00
   3.69000000e+01	   2.01756460e+00
   3.70000000e+01	   2.01756460e+00
